

SF Area:
-122.44983680000001,37.8095806,0.0 -122.44335350000001,37.77783170000001,0.0 -122.43567470000002,37.7460824,0.0 -122.37636569999998,37.7490008,0.0 -122.37928390000002,37.78611430000001,0.0 -122.40348819999998,37.8135812,0.0 -122.44983680000001,37.8095806,0.0


-122.4498368,37.8095806,0 -122.4433535,37.77783170000001,0 -122.4379492,37.74598060000001,0 -122.3763657,37.7490008,0 -122.3792839,37.78611430000001,0 -122.4034882,37.8135812,0 -122.4498368,37.8095806,0


------------------------------------------------------------------------------
As of 2015-05-07

-> Dinner:
-122.44983680000001,37.8095806,0.0 -122.44335350000001,37.77783170000001,0.0 -122.43567470000002,37.7460824,0.0 -122.37636569999998,37.7490008,0.0 -122.37928390000002,37.78611430000001,0.0 -122.40348819999998,37.8135812,0.0 -122.44983680000001,37.8095806,0.0

